//--- OBJECT WRITE BEGIN ---
$ThisPrefab = new SimGroup() {
   canSave = "1";
   canSaveDynamicFields = "1";
      groupPosition = "0.000000 0.000000 0.000000";

   new TSStatic(checkpoint4) {
      shapeName = "levels/smallgrid/art/gravitationalRacing/checkpoints/finish.dae";
      dynamic = "0";
      playAmbient = "1";
      meshCulling = "0";
      originSort = "0";
      useInstanceRenderData = "0";
      instanceColor = "White";
      collisionType = "Collision Mesh";
      decalType = "Collision Mesh";
      prebuildCollisionData = "0";
      renderNormals = "0";
      forceDetail = "-1";
      position = "1692.76111 -2180.07642 558.72821";
      scale = "1 1 1";
      rotationMatrix = "0.866025388 -0.5 0 0.5 0.866025388 0 0 0 1";
      isRenderEnabled = "false";
      canSave = "1";
      canSaveDynamicFields = "1";
         direction = "W";
   };
   new TSStatic(checkpoint3) {
      shapeName = "levels/smallgrid/art/gravitationalRacing/checkpoints/inactive.dae";
      dynamic = "0";
      playAmbient = "1";
      meshCulling = "0";
      originSort = "0";
      useInstanceRenderData = "0";
      instanceColor = "White";
      collisionType = "Collision Mesh";
      decalType = "Collision Mesh";
      prebuildCollisionData = "0";
      renderNormals = "0";
      forceDetail = "-1";
      position = "1067.86597 -2824.52148 462.821472";
      scale = "1.5 3 1.5";
      rotationMatrix = "5.96046448e-08 0.99999994 0 -0.99999994 5.96046448e-08 0 0 0 1";
      isRenderEnabled = "false";
      canSave = "1";
      canSaveDynamicFields = "1";
         direction = "N";
   };
   new TSStatic(checkpoint2) {
      shapeName = "levels/smallgrid/art/gravitationalRacing/checkpoints/inactive.dae";
      dynamic = "0";
      playAmbient = "1";
      meshCulling = "0";
      originSort = "0";
      useInstanceRenderData = "0";
      instanceColor = "White";
      collisionType = "Collision Mesh";
      decalType = "Collision Mesh";
      prebuildCollisionData = "0";
      renderNormals = "0";
      forceDetail = "-1";
      position = "662.938538 -2895.34521 413.894257";
      scale = "1.5 3 1.5";
      rotationMatrix = "5.96046448e-08 0.99999994 0 -0.99999994 5.96046448e-08 0 0 0 1";
      isRenderEnabled = "false";
      canSave = "1";
      canSaveDynamicFields = "1";
         direction = "N";
   };
   new TSStatic(checkpoint1) {
      shapeName = "levels/smallgrid/art/gravitationalRacing/checkpoints/next.dae";
      dynamic = "0";
      playAmbient = "1";
      meshCulling = "0";
      originSort = "0";
      useInstanceRenderData = "0";
      instanceColor = "White";
      collisionType = "Collision Mesh";
      decalType = "Collision Mesh";
      prebuildCollisionData = "0";
      renderNormals = "0";
      forceDetail = "-1";
      position = "370.588959 -2865.32959 413.183472";
      scale = "1.5 3 1.5";
      rotationMatrix = "5.96046448e-08 0.99999994 0 -0.99999994 5.96046448e-08 0 0 0 1";
      isRenderEnabled = "false";
      canSave = "1";
      canSaveDynamicFields = "1";
         direction = "N";
   };
   new TSStatic(checkpoint0) {
      shapeName = "levels/smallgrid/art/gravitationalRacing/checkpoints/finish.dae";
      dynamic = "0";
      playAmbient = "1";
      meshCulling = "0";
      originSort = "0";
      useInstanceRenderData = "0";
      instanceColor = "White";
      collisionType = "Collision Mesh";
      decalType = "Collision Mesh";
      prebuildCollisionData = "0";
      renderNormals = "0";
      forceDetail = "-1";
      position = "283.230743 -3033.31152 364.74173";
      scale = "1 1 1";
      rotationMatrix = "1 0 0 0 1 0 0 0 1";
      isRenderEnabled = "false";
      canSave = "1";
      canSaveDynamicFields = "1";
         direction = "W";
   };
   new TSStatic(track) {
      shapeName = "levels/smallgrid/art/gravitationalRacing/track/track_basic4.dae";
      dynamic = "0";
      playAmbient = "1";
      meshCulling = "0";
      originSort = "0";
      useInstanceRenderData = "0";
      instanceColor = "White";
      collisionType = "Visible Mesh Final";
      decalType = "Visible Mesh Final";
      prebuildCollisionData = "0";
      renderNormals = "0";
      forceDetail = "-1";
      position = "97.4924011 -3049.59033 358.590393";
      scale = "1 1 1";
      rotationMatrix = "1 0 0 0 1 0 0 0 1";
      isRenderEnabled = "false";
      canSave = "1";
      canSaveDynamicFields = "1";
   };
   new TSStatic(planet_9) {
      shapeName = "levels/smallgrid/art/gravitationalRacing/celestialbodies/uranus.dae";
      dynamic = "1";
      playAmbient = "1";
      meshCulling = "0";
      originSort = "0";
      useInstanceRenderData = "0";
      instanceColor = "White";
      collisionType = "None";
      decalType = "None";
      prebuildCollisionData = "0";
      renderNormals = "0";
      forceDetail = "-1";
      position = "1528.67004 -2418.88989 510.294006";
      scale = "150 150 150";
      rotationMatrix = "0.014621973 0.135700822 0.990641952 0.999893069 -0.00198411942 -0.0144867301 -2.38418579e-07 0.990747869 -0.135715246";
      canSave = "1";
      canSaveDynamicFields = "1";
         celestialClass = "unstable";
         ferocity = "5";
         objectType = "fixedDynamic";
         orbitingBody = "star_5";
         path = "circular";
   };
   new TSStatic(barrier1) {
      shapeName = "levels/smallgrid/art/gravitationalRacing/track/track_barrier_orange.dae";
      dynamic = "1";
      playAmbient = "1";
      meshCulling = "0";
      originSort = "0";
      useInstanceRenderData = "0";
      instanceColor = "White";
      collisionType = "Visible Mesh Final";
      decalType = "Visible Mesh Final";
      prebuildCollisionData = "0";
      renderNormals = "0";
      forceDetail = "-1";
      position = "857.752625 -2929.80591 461.395294";
      scale = "1 1 1";
      rotationMatrix = "1 0 0 0 1 0 0 0 1";
      canSave = "1";
      canSaveDynamicFields = "1";
   };
   new TSStatic(key1) {
      shapeName = "levels/smallgrid/art/gravitationalRacing/track/track_key_orange.dae";
      dynamic = "1";
      playAmbient = "1";
      meshCulling = "0";
      originSort = "0";
      useInstanceRenderData = "0";
      instanceColor = "White";
      collisionType = "Collision Mesh";
      decalType = "Collision Mesh";
      prebuildCollisionData = "0";
      renderNormals = "0";
      forceDetail = "-1";
      position = "533.994324 -2996.1875 413.204773";
      scale = "1 1 1";
      rotationMatrix = "-0.77970469 -0.62614733 0 0.62614733 -0.77970469 0 0 0 1";
      canSave = "1";
      canSaveDynamicFields = "1";
   };
   new TSStatic(collectable1) {
      shapeName = "levels/smallgrid/art/gravitationalRacing/track/track_collectable_basic.dae";
      dynamic = "1";
      playAmbient = "1";
      meshCulling = "0";
      originSort = "0";
      useInstanceRenderData = "0";
      instanceColor = "White";
      collisionType = "Collision Mesh";
      decalType = "Collision Mesh";
      prebuildCollisionData = "0";
      renderNormals = "0";
      forceDetail = "-1";
      position = "559.433777 -2883.04565 416.498596";
      scale = "0.25 0.25 0.25";
      rotationMatrix = "0.331884921 -0.943319917 0 0.943319917 0.331884921 0 0 0 1";
      canSave = "1";
      canSaveDynamicFields = "1";
   };
   new TSStatic(star_1) {
      shapeName = "levels/smallgrid/art/gravitationalRacing/celestialbodies/sun.dae";
      dynamic = "1";
      playAmbient = "1";
      meshCulling = "0";
      originSort = "0";
      useInstanceRenderData = "0";
      instanceColor = "White";
      collisionType = "Visible Mesh Final";
      decalType = "Visible Mesh Final";
      prebuildCollisionData = "0";
      renderNormals = "0";
      forceDetail = "-1";
      position = "196.773422 -2780.18823 354.305908";
      scale = "700 700 700";
      rotationMatrix = "0.890744925 -0.450869769 0.0573578849 0.454503566 0.883623362 -0.112411097 1.86264515e-09 0.126198977 0.992004931";
      canSave = "1";
      canSaveDynamicFields = "1";
         celestialClass = "unstable";
         ferocity = "1";
         objectType = "static";
   };
   new TSStatic(planet_1) {
      shapeName = "levels/smallgrid/art/gravitationalRacing/celestialbodies/uranus.dae";
      dynamic = "1";
      playAmbient = "1";
      meshCulling = "0";
      originSort = "0";
      useInstanceRenderData = "0";
      instanceColor = "White";
      collisionType = "Visible Mesh Final";
      decalType = "Visible Mesh Final";
      prebuildCollisionData = "0";
      renderNormals = "0";
      forceDetail = "-1";
      position = "427.129608 -2864.06299 418.01767";
      scale = "350 350 350";
      rotationMatrix = "-0.978710651 0.0278552175 0.203346714 0.205245703 0.132826149 0.969655395 1.93715096e-07 0.990747929 -0.135715723";
      canSave = "1";
      canSaveDynamicFields = "1";
         celestialClass = "unstable";
         ferocity = "2";
         objectType = "static";
   };
   new TSStatic(planet_3) {
      shapeName = "levels/smallgrid/art/gravitationalRacing/celestialbodies/jupiter.dae";
      dynamic = "1";
      playAmbient = "1";
      meshCulling = "0";
      originSort = "0";
      useInstanceRenderData = "0";
      instanceColor = "White";
      collisionType = "Visible Mesh Final";
      decalType = "Visible Mesh Final";
      prebuildCollisionData = "0";
      renderNormals = "0";
      forceDetail = "-1";
      position = "517.09967 -2892.30322 416.816437";
      scale = "350 350 350";
      rotationMatrix = "-0.286082625 0.956775546 -0.052319549 -0.958204985 -0.285655856 0.0156205837 7.4505806e-09 0.0546016321 0.998508215";
      canSave = "1";
      canSaveDynamicFields = "1";
         celestialClass = "unstable";
         ferocity = "2";
         objectType = "static";
   };
   new TSStatic(planet_4) {
      shapeName = "levels/smallgrid/art/gravitationalRacing/celestialbodies/jupiter.dae";
      dynamic = "1";
      playAmbient = "1";
      meshCulling = "0";
      originSort = "0";
      useInstanceRenderData = "0";
      instanceColor = "White";
      collisionType = "Visible Mesh Final";
      decalType = "Visible Mesh Final";
      prebuildCollisionData = "0";
      renderNormals = "0";
      forceDetail = "-1";
      position = "517.053467 -2984.16895 416.816437";
      scale = "350 350 350";
      rotationMatrix = "-0.251247764 0.966478944 -0.0528501868 -0.967922926 -0.25087297 0.0137185343 -1.86264515e-09 0.0546016507 0.998508215";
      canSave = "1";
      canSaveDynamicFields = "1";
         celestialClass = "unstable";
         ferocity = "2";
         objectType = "static";
   };
   new TSStatic(planet_2) {
      shapeName = "levels/smallgrid/art/gravitationalRacing/celestialbodies/earth.dae";
      dynamic = "1";
      playAmbient = "1";
      meshCulling = "0";
      originSort = "0";
      useInstanceRenderData = "0";
      instanceColor = "White";
      collisionType = "Visible Mesh Final";
      decalType = "Visible Mesh Final";
      prebuildCollisionData = "0";
      renderNormals = "0";
      forceDetail = "-1";
      position = "427.953308 -3014.37573 411.128052";
      scale = "350 350 350";
      rotationMatrix = "0.128686666 -0.910123885 0.393845826 0.99168545 0.118102729 -0.0511077344 5.96046448e-08 0.397148013 0.917754591";
      canSave = "1";
      canSaveDynamicFields = "1";
         celestialClass = "unstable";
         ferocity = "3";
         objectType = "static";
   };
   new TSStatic(planet_5) {
      shapeName = "levels/smallgrid/art/gravitationalRacing/celestialbodies/neptune.dae";
      dynamic = "1";
      playAmbient = "1";
      meshCulling = "0";
      originSort = "0";
      useInstanceRenderData = "0";
      instanceColor = "White";
      collisionType = "Visible Mesh Final";
      decalType = "Visible Mesh Final";
      prebuildCollisionData = "0";
      renderNormals = "0";
      forceDetail = "-1";
      position = "577.566895 -2911.09326 423.654877";
      scale = "350 350 350";
      rotationMatrix = "0.558697581 0.730242848 -0.393195152 -0.829371452 0.49192059 -0.264871806 7.4505806e-08 0.474088103 0.880477428";
      canSave = "1";
      canSaveDynamicFields = "1";
         celestialClass = "unstable";
         ferocity = "2";
         objectType = "static";
   };
   new TSStatic(star_2) {
      shapeName = "levels/smallgrid/art/gravitationalRacing/celestialbodies/sun.dae";
      dynamic = "1";
      playAmbient = "1";
      meshCulling = "0";
      originSort = "0";
      useInstanceRenderData = "0";
      instanceColor = "White";
      collisionType = "Visible Mesh Final";
      decalType = "Visible Mesh Final";
      prebuildCollisionData = "0";
      renderNormals = "0";
      forceDetail = "-1";
      position = "641.36322 -2972.50513 423.801819";
      scale = "350 350 350";
      rotationMatrix = "0.890744925 -0.450869769 0.0573578849 0.454503566 0.883623362 -0.112411097 1.86264515e-09 0.126198977 0.992004931";
      canSave = "1";
      canSaveDynamicFields = "1";
         celestialClass = "unstable";
         ferocity = "2";
         objectType = "static";
   };
   new TSStatic(star_3) {
      shapeName = "levels/smallgrid/art/gravitationalRacing/celestialbodies/CHXR73.dae";
      dynamic = "1";
      playAmbient = "1";
      meshCulling = "0";
      originSort = "0";
      useInstanceRenderData = "0";
      instanceColor = "White";
      collisionType = "Visible Mesh Final";
      decalType = "Visible Mesh Final";
      prebuildCollisionData = "0";
      renderNormals = "0";
      forceDetail = "-1";
      position = "872.595215 -2728.4585 457.38678";
      scale = "968 968 968";
      rotationMatrix = "0.890744925 -0.450869769 0.0573578849 0.454503566 0.883623362 -0.112411097 1.86264515e-09 0.126198977 0.992004931";
      canSave = "1";
      canSaveDynamicFields = "1";
         celestialClass = "unstable";
         ferocity = "5";
         objectType = "static";
   };
   new TSStatic(planet_6) {
      shapeName = "levels/smallgrid/art/gravitationalRacing/celestialbodies/uranus.dae";
      dynamic = "1";
      playAmbient = "1";
      meshCulling = "0";
      originSort = "0";
      useInstanceRenderData = "0";
      instanceColor = "White";
      collisionType = "None";
      decalType = "None";
      prebuildCollisionData = "0";
      renderNormals = "0";
      forceDetail = "-1";
      position = "940.136719 -2731.60938 470.196838";
      scale = "250 250 250";
      rotationMatrix = "-0.175834775 -0.13360098 -0.975311816 -0.984419823 0.0238633156 0.174207807 0 0.990747929 -0.135715604";
      canSave = "1";
      canSaveDynamicFields = "1";
         objectType = "fixedDynamic";
         orbitingBody = "star_3";
         path = "circular";
   };
   new TSStatic(planet_7) {
      shapeName = "levels/smallgrid/art/gravitationalRacing/celestialbodies/neptune.dae";
      dynamic = "1";
      playAmbient = "1";
      meshCulling = "0";
      originSort = "0";
      useInstanceRenderData = "0";
      instanceColor = "White";
      collisionType = "Visible Mesh Final";
      decalType = "Visible Mesh Final";
      prebuildCollisionData = "0";
      renderNormals = "0";
      forceDetail = "-1";
      position = "956.105103 -2951.35693 487.858276";
      scale = "500 500 500";
      rotationMatrix = "0.779880881 -0.551115394 0.296745062 0.625927925 0.686667442 -0.36973241 1.49011612e-08 0.474088281 0.880477309";
      canSave = "1";
      canSaveDynamicFields = "1";
         celestialClass = "unstable";
         ferocity = "2";
         objectType = "static";
   };
   new TSStatic() {
      shapeName = "levels/smallgrid/art/gravitationalRacing/signs/sign_danger_strongGravitationalField.dae";
      dynamic = "0";
      playAmbient = "1";
      meshCulling = "0";
      originSort = "0";
      useInstanceRenderData = "0";
      instanceColor = "White";
      collisionType = "Collision Mesh";
      decalType = "Collision Mesh";
      prebuildCollisionData = "0";
      renderNormals = "0";
      forceDetail = "-1";
      position = "890.865601 -2925.11914 458.382965";
      scale = "1 1 1";
      rotationMatrix = "-0.979449034 -0.20169194 0 0.20169194 -0.979449034 0 0 0 1";
      isRenderEnabled = "false";
      canSave = "1";
      canSaveDynamicFields = "1";
   };
   new TSStatic(star_4) {
      shapeName = "levels/smallgrid/art/gravitationalRacing/celestialbodies/sun.dae";
      dynamic = "1";
      playAmbient = "1";
      meshCulling = "0";
      originSort = "0";
      useInstanceRenderData = "0";
      instanceColor = "White";
      collisionType = "Visible Mesh Final";
      decalType = "Visible Mesh Final";
      prebuildCollisionData = "0";
      renderNormals = "0";
      forceDetail = "-1";
      position = "1321.68677 -2827.29639 502.826538";
      scale = "600 600 600";
      rotationMatrix = "0.890744925 -0.450869769 0.0573578849 0.454503566 0.883623362 -0.112411097 1.86264515e-09 0.126198977 0.992004931";
      canSave = "1";
      canSaveDynamicFields = "1";
         celestialClass = "unstable";
         ferocity = "1";
         objectType = "static";
   };
   new TSStatic(planet_10) {
      shapeName = "levels/smallgrid/art/gravitationalRacing/celestialbodies/neptune.dae";
      dynamic = "1";
      playAmbient = "1";
      meshCulling = "0";
      originSort = "0";
      useInstanceRenderData = "0";
      instanceColor = "White";
      collisionType = "Visible Mesh Final";
      decalType = "Visible Mesh Final";
      prebuildCollisionData = "0";
      renderNormals = "0";
      forceDetail = "-1";
      position = "1479.52869 -2823.25122 506.161316";
      scale = "600 600 600";
      rotationMatrix = "0.088943541 0.876987755 -0.472209275 -0.996036708 0.0783127546 -0.0421670824 -1.49011612e-08 0.474088252 0.880477309";
      canSave = "1";
      canSaveDynamicFields = "1";
         celestialClass = "unstable";
         ferocity = "2";
         objectType = "static";
   };
   new TSStatic(planet_11) {
      shapeName = "levels/smallgrid/art/gravitationalRacing/celestialbodies/mercury.dae";
      dynamic = "1";
      playAmbient = "1";
      meshCulling = "0";
      originSort = "0";
      useInstanceRenderData = "0";
      instanceColor = "White";
      collisionType = "Visible Mesh Final";
      decalType = "Visible Mesh Final";
      prebuildCollisionData = "0";
      renderNormals = "0";
      forceDetail = "-1";
      position = "1555.91211 -2686.01538 507.509247";
      scale = "400 400 400";
      rotationMatrix = "-0.260397911 0.965501189 -0.000572939869 -0.965501308 -0.260397911 0.00015452331 1.16415322e-10 0.000593411794 0.999999821";
      canSave = "1";
      canSaveDynamicFields = "1";
         celestialClass = "unstable";
         ferocity = "3";
         objectType = "static";
   };
   new TSStatic(planet_12) {
      shapeName = "levels/smallgrid/art/gravitationalRacing/celestialbodies/mars.dae";
      dynamic = "1";
      playAmbient = "1";
      meshCulling = "0";
      originSort = "0";
      useInstanceRenderData = "0";
      instanceColor = "White";
      collisionType = "Visible Mesh Final";
      decalType = "Visible Mesh Final";
      prebuildCollisionData = "0";
      renderNormals = "0";
      forceDetail = "-1";
      position = "1478.31396 -2555.3772 510.084808";
      scale = "400 400 400";
      rotationMatrix = "0.513417363 -0.776467443 0.365377843 0.858139038 0.464553893 -0.218602479 1.49011612e-08 0.425779283 0.904827058";
      canSave = "1";
      canSaveDynamicFields = "1";
         celestialClass = "unstable";
         ferocity = "4";
         objectType = "static";
   };
   new TSStatic(star_5) {
      shapeName = "levels/smallgrid/art/gravitationalRacing/celestialbodies/CDCrucis.dae";
      dynamic = "1";
      playAmbient = "1";
      meshCulling = "0";
      originSort = "0";
      useInstanceRenderData = "0";
      instanceColor = "White";
      collisionType = "Visible Mesh Final";
      decalType = "Visible Mesh Final";
      prebuildCollisionData = "0";
      renderNormals = "0";
      forceDetail = "-1";
      position = "1553.17883 -2418.8894 512.198608";
      scale = "643 643 643";
      rotationMatrix = "0.890744925 -0.450869769 0.0573578849 0.454503566 0.883623362 -0.112411097 1.86264515e-09 0.126198977 0.992004931";
      canSave = "1";
      canSaveDynamicFields = "1";
         celestialClass = "unstable";
         ferocity = "5";
         objectType = "static";
   };
   new TSStatic(planet_8) {
      shapeName = "levels/smallgrid/art/gravitationalRacing/celestialbodies/uranus.dae";
      dynamic = "1";
      playAmbient = "1";
      meshCulling = "0";
      originSort = "0";
      useInstanceRenderData = "0";
      instanceColor = "White";
      collisionType = "None";
      decalType = "None";
      prebuildCollisionData = "0";
      renderNormals = "0";
      forceDetail = "-1";
      position = "1514.46387 -2418.88989 510.294006";
      scale = "250 250 250";
      rotationMatrix = "-0.999776363 -0.00287381373 -0.020977065 -0.0211730022 0.135685027 0.990525961 -3.08267772e-07 0.990748048 -0.135715961";
      canSave = "1";
      canSaveDynamicFields = "1";
         celestialClass = "unstable";
         ferocity = "5";
         objectType = "fixedDynamic";
         orbitingBody = "star_5";
         path = "circular";
   };
   new SimPath(democam) {
      canSave = "1";
      canSaveDynamicFields = "1";

      new Marker() {
         seqNum = "0";
         timeToNext = "4";
         positionSmooth = "0";
         rotationSmooth = "0";
         position = "106.006905 -2868.94751 432.366882";
         scale = "0.100000001 0.100000001 0.100000001";
         rotationMatrix = "0.814540982 -0.58010602 1.04308128e-07 0.434625119 0.61026752 -0.662325084 0.384218752 0.539490998 0.749216557";
         canSave = "1";
         canSaveDynamicFields = "1";
            speedSmooth = "0";
      };
      new Marker() {
         seqNum = "1";
         timeToNext = "0.00999999978";
         positionSmooth = "0";
         rotationSmooth = "0";
         position = "132.62262 -2888.40527 432.368958";
         scale = "0.100000001 0.100000001 0.100000001";
         rotationMatrix = "0.807230413 -0.590236366 1.1920929e-07 0.443838984 0.607011497 -0.659199476 0.389083475 0.53212595 0.751968086";
         canSave = "1";
         canSaveDynamicFields = "1";
            speedSmooth = "0";
      };
      new Marker() {
         seqNum = "2";
         timeToNext = "4";
         positionSmooth = "0";
         rotationSmooth = "0";
         position = "791.260498 -2809.06714 483.935577";
         scale = "0.100000001 0.100000001 0.100000001";
         rotationMatrix = "0.760763109 -0.649029613 6.70552254e-08 0.61601758 0.722067893 -0.3148655 0.204356998 0.239538103 0.949136317";
         canSave = "1";
         canSaveDynamicFields = "1";
            speedSmooth = "0";
      };
      new Marker() {
         seqNum = "3";
         timeToNext = "0.00999999978";
         positionSmooth = "0";
         rotationSmooth = "0";
         position = "810.757019 -2824.22949 483.935577";
         scale = "0.100000001 0.100000001 0.100000001";
         rotationMatrix = "0.760763109 -0.649029613 6.70552254e-08 0.61601758 0.722067893 -0.3148655 0.204356998 0.239538103 0.949136317";
         canSave = "1";
         canSaveDynamicFields = "1";
            speedSmooth = "0";
      };
      new Marker() {
         seqNum = "4";
         timeToNext = "5";
         positionSmooth = "0";
         rotationSmooth = "0";
         position = "1248.61816 -2790.9353 711.296021";
         scale = "0.100000001 0.100000001 0.100000001";
         rotationMatrix = "-0.562304378 -0.826930523 8.94069672e-08 0.352619559 -0.239777803 -0.904525399 0.747979641 -0.508618474 0.426419854";
         canSave = "1";
         canSaveDynamicFields = "1";
            speedSmooth = "0";
      };
      new Marker() {
         seqNum = "5";
         timeToNext = "0.00999999978";
         positionSmooth = "0";
         rotationSmooth = "0";
         position = "1455.58081 -2486.5769 711.295837";
         scale = "0.100000001 0.100000001 0.100000001";
         rotationMatrix = "-0.562304378 -0.826930523 8.94069672e-08 0.352619559 -0.239777803 -0.904525399 0.747979641 -0.508618474 0.426419854";
         canSave = "1";
         canSaveDynamicFields = "1";
            speedSmooth = "0";
      };
   };
   new BeamNGVehicle(scenario_player0) {
      JBeam = "hopper";
      color = "1 1 1 1.39999998";
      colorPalette0 = "0.0500000007 0.5 0.699999988 1.29999995";
      colorPalette1 = "1 1 1 1.39999998";
      partConfig = "vehicles/hopper/sport_M.pc";
      renderDistance = "500";
      renderFade = "0.100000001";
      datablock = "default_vehicle";
      position = "279.238312 -3024.41626 0.641126096";
      scale = "1 1 1";
      rotationMatrix = "-1 0 0 0 -1 0 0 0 1";
      canSave = "1";
      canSaveDynamicFields = "1";
         licenseFormats = "[\"30-15\"]";
         licenseText = "basic";
   };
};
//--- OBJECT WRITE END ---

























