//--- OBJECT WRITE BEGIN ---
$ThisPrefab = new SimGroup() {
   canSave = "1";
   canSaveDynamicFields = "1";
      groupPosition = "0.000000 0.000000 0.000000";

   new TSStatic(checkpoint2) {
      shapeName = "levels/smallgrid/art/gravitationalRacing/checkpoints/inactive.dae";
      dynamic = "0";
      playAmbient = "1";
      meshCulling = "0";
      originSort = "0";
      useInstanceRenderData = "0";
      instanceColor = "White";
      collisionType = "Collision Mesh";
      decalType = "Collision Mesh";
      prebuildCollisionData = "0";
      renderNormals = "0";
      forceDetail = "-1";
      position = "552.794983 -2536.25977 497.399994";
      scale = "3 6 3";
      rotationMatrix = "5.96046448e-08 -0.99999994 0 0.99999994 5.96046448e-08 0 0 0 1";
      isRenderEnabled = "false";
      canSave = "1";
      canSaveDynamicFields = "1";
         direction = "S";
   };
   new TSStatic(checkpoint4) {
      shapeName = "levels/smallgrid/art/gravitationalRacing/checkpoints/inactive.dae";
      dynamic = "0";
      playAmbient = "1";
      meshCulling = "0";
      originSort = "0";
      useInstanceRenderData = "0";
      instanceColor = "White";
      collisionType = "Collision Mesh";
      decalType = "Collision Mesh";
      prebuildCollisionData = "0";
      renderNormals = "0";
      forceDetail = "-1";
      position = "-638.27771 -2797.73975 458.789948";
      scale = "1.5 3 1.5";
      rotationMatrix = "-1 8.74227766e-08 0 -8.74227766e-08 -1 0 0 0 1";
      isRenderEnabled = "false";
      canSave = "1";
      canSaveDynamicFields = "1";
         direction = "W";
         pathID = "1";
   };
   new TSStatic(checkpoint1) {
      shapeName = "levels/smallgrid/art/gravitationalRacing/checkpoints/next.dae";
      dynamic = "0";
      playAmbient = "1";
      meshCulling = "0";
      originSort = "0";
      useInstanceRenderData = "0";
      instanceColor = "White";
      collisionType = "Collision Mesh";
      decalType = "Collision Mesh";
      prebuildCollisionData = "0";
      renderNormals = "0";
      forceDetail = "-1";
      position = "922.900024 -2735.98999 497.399994";
      scale = "1.5 3 1.5";
      rotationMatrix = "1 0 0 0 1 0 0 0 1";
      isRenderEnabled = "false";
      canSave = "1";
      canSaveDynamicFields = "1";
         direction = "E";
   };
   new TSStatic(checkpoint5) {
      shapeName = "levels/smallgrid/art/gravitationalRacing/checkpoints/inactive.dae";
      dynamic = "0";
      playAmbient = "1";
      meshCulling = "0";
      originSort = "0";
      useInstanceRenderData = "0";
      instanceColor = "White";
      collisionType = "Collision Mesh";
      decalType = "Collision Mesh";
      prebuildCollisionData = "0";
      renderNormals = "0";
      forceDetail = "-1";
      position = "-511.246521 -2475.51294 479.700775";
      scale = "1.5 3 1.5";
      rotationMatrix = "5.96046448e-08 -0.99999994 0 0.99999994 5.96046448e-08 0 0 0 1";
      isRenderEnabled = "false";
      canSave = "1";
      canSaveDynamicFields = "1";
         direction = "S";
         pathID = "2";
   };
   new TSStatic(checkpoint6) {
      shapeName = "levels/smallgrid/art/gravitationalRacing/checkpoints/inactive.dae";
      dynamic = "0";
      playAmbient = "1";
      meshCulling = "0";
      originSort = "0";
      useInstanceRenderData = "0";
      instanceColor = "White";
      collisionType = "Collision Mesh";
      decalType = "Collision Mesh";
      prebuildCollisionData = "0";
      renderNormals = "0";
      forceDetail = "-1";
      position = "-473.624817 -2290.0835 497.884949";
      scale = "1.5 3 1.5";
      rotationMatrix = "5.96046448e-08 0.99999994 0 -0.99999994 5.96046448e-08 0 0 0 1";
      isRenderEnabled = "false";
      canSave = "1";
      canSaveDynamicFields = "1";
         direction = "N";
   };
   new TSStatic(checkpoint3) {
      shapeName = "levels/smallgrid/art/gravitationalRacing/checkpoints/inactive.dae";
      dynamic = "0";
      playAmbient = "1";
      meshCulling = "0";
      originSort = "0";
      useInstanceRenderData = "0";
      instanceColor = "White";
      collisionType = "Collision Mesh";
      decalType = "Collision Mesh";
      prebuildCollisionData = "0";
      renderNormals = "0";
      forceDetail = "-1";
      position = "-48.5023994 -2667.09863 497.399994";
      scale = "1.5 3 1.5";
      rotationMatrix = "5.96046448e-08 -0.99999994 0 0.99999994 5.96046448e-08 0 0 0 1";
      isRenderEnabled = "false";
      canSave = "1";
      canSaveDynamicFields = "1";
         direction = "S";
   };
   new TSStatic(planet_25) {
      shapeName = "levels/smallgrid/art/gravitationalRacing/celestialbodies/uranus.dae";
      dynamic = "1";
      playAmbient = "1";
      meshCulling = "0";
      originSort = "0";
      useInstanceRenderData = "0";
      instanceColor = "White";
      collisionType = "Visible Mesh Final";
      decalType = "Visible Mesh Final";
      prebuildCollisionData = "0";
      renderNormals = "0";
      forceDetail = "-1";
      position = "-675.064331 -1753.1582 507.307007";
      scale = "400 400 400";
      rotationMatrix = "0.401477993 -0.915868521 0.000543487375 0.91586864 0.401477933 -0.00023824189 5.82076609e-11 0.000593411969 0.999999821";
      canSave = "1";
      canSaveDynamicFields = "1";
         objectType = "fixedDynamic";
         orbitingBody = "star_5";
         path = "circular";
   };
   new TSStatic(planet_24) {
      shapeName = "levels/smallgrid/art/gravitationalRacing/celestialbodies/mercury.dae";
      dynamic = "1";
      playAmbient = "1";
      meshCulling = "0";
      originSort = "0";
      useInstanceRenderData = "0";
      instanceColor = "White";
      collisionType = "Visible Mesh Final";
      decalType = "Visible Mesh Final";
      prebuildCollisionData = "0";
      renderNormals = "0";
      forceDetail = "-1";
      position = "-674.885437 -1787.70789 507.444946";
      scale = "500 500 500";
      rotationMatrix = "0.401477993 -0.915868521 0.000543487375 0.91586864 0.401477933 -0.00023824189 5.82076609e-11 0.000593411969 0.999999821";
      canSave = "1";
      canSaveDynamicFields = "1";
         objectType = "fixedDynamic";
         orbitingBody = "star_5";
         path = "circular";
   };
   new TSStatic(planet_23) {
      shapeName = "levels/smallgrid/art/gravitationalRacing/celestialbodies/mars.dae";
      dynamic = "1";
      playAmbient = "1";
      meshCulling = "0";
      originSort = "0";
      useInstanceRenderData = "0";
      instanceColor = "White";
      collisionType = "Visible Mesh Final";
      decalType = "Visible Mesh Final";
      prebuildCollisionData = "0";
      renderNormals = "0";
      forceDetail = "-1";
      position = "-674.888489 -1826.84192 507.444946";
      scale = "400 400 400";
      rotationMatrix = "0.401477993 -0.915868521 0.000543487375 0.91586864 0.401477933 -0.00023824189 5.82076609e-11 0.000593411969 0.999999821";
      canSave = "1";
      canSaveDynamicFields = "1";
         objectType = "fixedDynamic";
         orbitingBody = "star_5";
         path = "circular";
   };
   new TSStatic(planet_22) {
      shapeName = "levels/smallgrid/art/gravitationalRacing/celestialbodies/venus.dae";
      dynamic = "1";
      playAmbient = "1";
      meshCulling = "0";
      originSort = "0";
      useInstanceRenderData = "0";
      instanceColor = "White";
      collisionType = "Visible Mesh Final";
      decalType = "Visible Mesh Final";
      prebuildCollisionData = "0";
      renderNormals = "0";
      forceDetail = "-1";
      position = "-675.068909 -1863.57312 507.307007";
      scale = "400 400 400";
      rotationMatrix = "0.401477993 -0.915868521 0.000543487375 0.91586864 0.401477933 -0.00023824189 5.82076609e-11 0.000593411969 0.999999821";
      canSave = "1";
      canSaveDynamicFields = "1";
         objectType = "fixedDynamic";
         orbitingBody = "star_5";
         path = "circular";
   };
   new TSStatic(planet_21) {
      shapeName = "levels/smallgrid/art/gravitationalRacing/celestialbodies/mars.dae";
      dynamic = "1";
      playAmbient = "1";
      meshCulling = "0";
      originSort = "0";
      useInstanceRenderData = "0";
      instanceColor = "White";
      collisionType = "Visible Mesh Final";
      decalType = "Visible Mesh Final";
      prebuildCollisionData = "0";
      renderNormals = "0";
      forceDetail = "-1";
      position = "-674.890015 -1929.9198 507.444946";
      scale = "300 300 300";
      rotationMatrix = "0.401477993 -0.915868521 0.000543487375 0.91586864 0.401477933 -0.00023824189 5.82076609e-11 0.000593411969 0.999999821";
      canSave = "1";
      canSaveDynamicFields = "1";
         objectType = "fixedDynamic";
         orbitingBody = "star_5";
         path = "circular";
   };
   new TSStatic(planet_20) {
      shapeName = "levels/smallgrid/art/gravitationalRacing/celestialbodies/uranus.dae";
      dynamic = "1";
      playAmbient = "1";
      meshCulling = "0";
      originSort = "0";
      useInstanceRenderData = "0";
      instanceColor = "White";
      collisionType = "Visible Mesh Final";
      decalType = "Visible Mesh Final";
      prebuildCollisionData = "0";
      renderNormals = "0";
      forceDetail = "-1";
      position = "-674.893066 -1971.0426 507.444946";
      scale = "600 600 600";
      rotationMatrix = "0.401477993 -0.915868521 0.000543487375 0.91586864 0.401477933 -0.00023824189 5.82076609e-11 0.000593411969 0.999999821";
      canSave = "1";
      canSaveDynamicFields = "1";
         objectType = "fixedDynamic";
         orbitingBody = "star_5";
         path = "circular";
   };
   new TSStatic(planet_19) {
      shapeName = "levels/smallgrid/art/gravitationalRacing/celestialbodies/neptune.dae";
      dynamic = "1";
      playAmbient = "1";
      meshCulling = "0";
      originSort = "0";
      useInstanceRenderData = "0";
      instanceColor = "White";
      collisionType = "Visible Mesh Final";
      decalType = "Visible Mesh Final";
      prebuildCollisionData = "0";
      renderNormals = "0";
      forceDetail = "-1";
      position = "-675.04657 -1672.15283 507.307007";
      scale = "300 300 300";
      rotationMatrix = "0.401477993 -0.915868521 0.000543487375 0.91586864 0.401477933 -0.00023824189 5.82076609e-11 0.000593411969 0.999999821";
      canSave = "1";
      canSaveDynamicFields = "1";
         objectType = "fixedDynamic";
         orbitingBody = "star_5";
         path = "circular";
   };
   new TSStatic(planet_18) {
      shapeName = "levels/smallgrid/art/gravitationalRacing/celestialbodies/mars.dae";
      dynamic = "1";
      playAmbient = "1";
      meshCulling = "0";
      originSort = "0";
      useInstanceRenderData = "0";
      instanceColor = "White";
      collisionType = "Visible Mesh Final";
      decalType = "Visible Mesh Final";
      prebuildCollisionData = "0";
      renderNormals = "0";
      forceDetail = "-1";
      position = "-674.867676 -1695.41125 507.444946";
      scale = "400 400 400";
      rotationMatrix = "0.401477993 -0.915868521 0.000543487375 0.91586864 0.401477933 -0.00023824189 5.82076609e-11 0.000593411969 0.999999821";
      canSave = "1";
      canSaveDynamicFields = "1";
         objectType = "fixedDynamic";
         orbitingBody = "star_5";
         path = "circular";
   };
   new TSStatic(planet_17) {
      shapeName = "levels/smallgrid/art/gravitationalRacing/celestialbodies/earth.dae";
      dynamic = "1";
      playAmbient = "1";
      meshCulling = "0";
      originSort = "0";
      useInstanceRenderData = "0";
      instanceColor = "White";
      collisionType = "Visible Mesh Final";
      decalType = "Visible Mesh Final";
      prebuildCollisionData = "0";
      renderNormals = "0";
      forceDetail = "-1";
      position = "-674.870728 -1723.61926 507.444946";
      scale = "400 400 400";
      rotationMatrix = "0.401477993 -0.915868521 0.000543487375 0.91586864 0.401477933 -0.00023824189 5.82076609e-11 0.000593411969 0.999999821";
      canSave = "1";
      canSaveDynamicFields = "1";
         objectType = "fixedDynamic";
         orbitingBody = "star_5";
         path = "circular";
   };
   new TSStatic(planet_16) {
      shapeName = "levels/smallgrid/art/gravitationalRacing/celestialbodies/earth.dae";
      dynamic = "1";
      playAmbient = "1";
      meshCulling = "0";
      originSort = "0";
      useInstanceRenderData = "0";
      instanceColor = "White";
      collisionType = "Visible Mesh Final";
      decalType = "Visible Mesh Final";
      prebuildCollisionData = "0";
      renderNormals = "0";
      forceDetail = "-1";
      position = "-674.86615 -1647.24561 507.444946";
      scale = "400 400 400";
      rotationMatrix = "0.401477993 -0.915868521 0.000543487375 0.91586864 0.401477933 -0.00023824189 5.82076609e-11 0.000593411969 0.999999821";
      canSave = "1";
      canSaveDynamicFields = "1";
         objectType = "fixedDynamic";
         orbitingBody = "star_5";
         path = "circular";
   };
   new TSStatic(planet_15) {
      shapeName = "levels/smallgrid/art/gravitationalRacing/celestialbodies/jupiter.dae";
      dynamic = "1";
      playAmbient = "1";
      meshCulling = "0";
      originSort = "0";
      useInstanceRenderData = "0";
      instanceColor = "White";
      collisionType = "Visible Mesh Final";
      decalType = "Visible Mesh Final";
      prebuildCollisionData = "0";
      renderNormals = "0";
      forceDetail = "-1";
      position = "-674.863098 -1594.90906 507.444946";
      scale = "500 500 500";
      rotationMatrix = "0.401477993 -0.915868521 0.000543487375 0.91586864 0.401477933 -0.00023824189 5.82076609e-11 0.000593411969 0.999999821";
      canSave = "1";
      canSaveDynamicFields = "1";
         objectType = "fixedDynamic";
         orbitingBody = "star_5";
         path = "circular";
   };
   new TSStatic(planet_14) {
      shapeName = "levels/smallgrid/art/gravitationalRacing/celestialbodies/neptune.dae";
      dynamic = "1";
      playAmbient = "1";
      meshCulling = "0";
      originSort = "0";
      useInstanceRenderData = "0";
      instanceColor = "White";
      collisionType = "Visible Mesh Final";
      decalType = "Visible Mesh Final";
      prebuildCollisionData = "0";
      renderNormals = "0";
      forceDetail = "-1";
      position = "-675.041992 -1561.44165 507.307007";
      scale = "400 400 400";
      rotationMatrix = "0.401477993 -0.915868521 0.000543487375 0.91586864 0.401477933 -0.00023824189 5.82076609e-11 0.000593411969 0.999999821";
      canSave = "1";
      canSaveDynamicFields = "1";
         objectType = "fixedDynamic";
         orbitingBody = "star_5";
         path = "circular";
   };
   new TSStatic(compassReference) {
      shapeName = "levels/smallgrid/art/gravitationalRacing/compass.dae";
      dynamic = "0";
      playAmbient = "1";
      meshCulling = "0";
      originSort = "0";
      useInstanceRenderData = "0";
      instanceColor = "White";
      collisionType = "Collision Mesh";
      decalType = "Collision Mesh";
      prebuildCollisionData = "0";
      renderNormals = "0";
      forceDetail = "-1";
      position = "364 -2698.91724 568.667114";
      scale = "1 1 1";
      rotationMatrix = "5.96046448e-08 -0.99999994 0 0.99999994 5.96046448e-08 0 0 0 1";
      isRenderEnabled = "false";
      hidden = "1";
      canSave = "1";
      canSaveDynamicFields = "1";
   };
   new SimPath(democam) {
      canSave = "1";
      canSaveDynamicFields = "1";

      new Marker() {
         seqNum = "0";
         timeToNext = "4";
         positionSmooth = "0";
         rotationSmooth = "0";
         position = "796.148926 -2719.20361 588.814148";
         scale = "0.100000001 0.100000001 0.100000001";
         rotationMatrix = "0.927381098 -0.374118 1.11758709e-07 0.345795482 0.85717386 -0.381678462 0.142792672 0.353961408 0.924295187";
         canSave = "1";
         canSaveDynamicFields = "1";
      };
      new Marker() {
         seqNum = "1";
         timeToNext = "0.00999999978";
         positionSmooth = "0";
         rotationSmooth = "0";
         position = "826.716125 -2731.53491 588.814148";
         scale = "0.100000001 0.100000001 0.100000001";
         rotationMatrix = "0.927381098 -0.374118 1.11758709e-07 0.345795482 0.85717386 -0.381678462 0.142792672 0.353961408 0.924295187";
         canSave = "1";
         canSaveDynamicFields = "1";
      };
      new Marker() {
         seqNum = "2";
         timeToNext = "4";
         positionSmooth = "0";
         rotationSmooth = "0";
         position = "-408.839722 -2563.42798 530.377869";
         scale = "0.100000001 0.100000001 0.100000001";
         rotationMatrix = "-0.875304699 0.483571053 4.47034836e-08 -0.465784788 -0.843110085 -0.268717796 -0.129944146 -0.235210076 0.963218927";
         canSave = "1";
         canSaveDynamicFields = "1";
      };
      new Marker() {
         seqNum = "4";
         timeToNext = "0.00999999978";
         positionSmooth = "0";
         rotationSmooth = "0";
         position = "-456.603912 -2649.88794 502.822174";
         scale = "0.100000001 0.100000001 0.100000001";
         rotationMatrix = "-0.875304699 0.483571053 4.47034836e-08 -0.465784788 -0.843110085 -0.268717796 -0.129944146 -0.235210076 0.963218927";
         canSave = "1";
         canSaveDynamicFields = "1";
      };
      new Marker() {
         seqNum = "5";
         timeToNext = "4";
         positionSmooth = "0";
         rotationSmooth = "0";
         position = "-664.718628 -2228.04321 981.999634";
         scale = "0.100000001 0.100000001 0.100000001";
         rotationMatrix = "0.999989867 -0.00449682213 -4.65661287e-10 0.00348286703 0.774509609 -0.632552624 0.00284447684 0.632546186 0.774517417";
         canSave = "1";
         canSaveDynamicFields = "1";
      };
      new Marker() {
         seqNum = "3";
         timeToNext = "0.00999999978";
         positionSmooth = "0";
         rotationSmooth = "0";
         position = "-571.330933 -2228.46362 981.999634";
         scale = "0.100000001 0.100000001 0.100000001";
         rotationMatrix = "0.999989867 -0.00449682213 -4.65661287e-10 0.00348286703 0.774509609 -0.632552624 0.00284447684 0.632546186 0.774517417";
         canSave = "1";
         canSaveDynamicFields = "1";
      };
   };
   new TSStatic(track) {
      shapeName = "levels/smallgrid/art/gravitationalRacing/track/track_expert5.dae";
      dynamic = "0";
      playAmbient = "1";
      meshCulling = "0";
      originSort = "0";
      useInstanceRenderData = "0";
      instanceColor = "White";
      collisionType = "Visible Mesh Final";
      decalType = "Visible Mesh Final";
      prebuildCollisionData = "0";
      renderNormals = "0";
      forceDetail = "-1";
      position = "-693 -3275 440";
      scale = "1 1 1";
      rotationMatrix = "1 0 0 0 1 0 0 0 1";
      isRenderEnabled = "false";
      canSave = "1";
      canSaveDynamicFields = "1";
   };
   new TSStatic(planet_11) {
      shapeName = "levels/smallgrid/art/gravitationalRacing/celestialbodies/uranus.dae";
      dynamic = "1";
      playAmbient = "1";
      meshCulling = "0";
      originSort = "0";
      useInstanceRenderData = "0";
      instanceColor = "White";
      collisionType = "Visible Mesh Final";
      decalType = "Visible Mesh Final";
      prebuildCollisionData = "0";
      renderNormals = "0";
      forceDetail = "-1";
      position = "-638.62915 -2378.17627 524.933594";
      scale = "500 500 500";
      rotationMatrix = "0.401477993 -0.915868521 0.000543487375 0.91586864 0.401477933 -0.00023824189 5.82076609e-11 0.000593411969 0.999999821";
      canSave = "1";
      canSaveDynamicFields = "1";
         celestialClass = "exotic";
         objectType = "static";
   };
   new TSStatic(star_5) {
      shapeName = "levels/smallgrid/art/gravitationalRacing/celestialbodies/HD49798.dae";
      dynamic = "1";
      playAmbient = "1";
      meshCulling = "0";
      originSort = "0";
      useInstanceRenderData = "0";
      instanceColor = "White";
      collisionType = "Collision Mesh";
      decalType = "Collision Mesh";
      prebuildCollisionData = "0";
      renderNormals = "0";
      forceDetail = "-1";
      position = "-675.041992 -1380.47998 507.307007";
      scale = "4000 4000 4000";
      rotationMatrix = "1 0 0 0 0.999999762 -0.000690534245 0 0.000690534245 0.999999762";
      canSave = "1";
      canSaveDynamicFields = "1";
         celestialClass = "supernova";
         explosionPower = "3";
         objectType = "static";
         passive = "1";
         timer = "200";
         triggerType = "countdown";
   };
   new TSStatic(planet_10) {
      shapeName = "levels/smallgrid/art/gravitationalRacing/celestialbodies/saturn.dae";
      dynamic = "1";
      playAmbient = "1";
      meshCulling = "0";
      originSort = "0";
      useInstanceRenderData = "0";
      instanceColor = "White";
      collisionType = "Visible Mesh Final";
      decalType = "Visible Mesh Final";
      prebuildCollisionData = "0";
      renderNormals = "0";
      forceDetail = "-1";
      position = "-506.598206 -2584.96289 490.168884";
      scale = "1150 1150 1150";
      rotationMatrix = "0.401477993 -0.915868521 0.000543487375 0.91586864 0.401477933 -0.00023824189 5.82076609e-11 0.000593411969 0.999999821";
      canSave = "1";
      canSaveDynamicFields = "1";
         axisTilt = "0";
         celestialClass = "exotic";
         objectType = "static";
   };
   new TSStatic(planet_9) {
      shapeName = "levels/smallgrid/art/gravitationalRacing/celestialbodies/saturn.dae";
      dynamic = "1";
      playAmbient = "1";
      meshCulling = "0";
      originSort = "0";
      useInstanceRenderData = "0";
      instanceColor = "White";
      collisionType = "Visible Mesh Final";
      decalType = "Visible Mesh Final";
      prebuildCollisionData = "0";
      renderNormals = "0";
      forceDetail = "-1";
      position = "-795.629578 -2584.9563 490.168884";
      scale = "1250 1250 1250";
      rotationMatrix = "0.401477993 -0.915868521 0.000543487375 0.91586864 0.401477933 -0.00023824189 5.82076609e-11 0.000593411969 0.999999821";
      canSave = "1";
      canSaveDynamicFields = "1";
         axisTilt = "90";
         celestialClass = "exotic";
         objectType = "static";
   };
   new TSStatic(star_4) {
      shapeName = "levels/smallgrid/art/gravitationalRacing/celestialbodies/CDCrucis.dae";
      dynamic = "1";
      playAmbient = "1";
      meshCulling = "0";
      originSort = "0";
      useInstanceRenderData = "0";
      instanceColor = "White";
      collisionType = "Collision Mesh";
      decalType = "Collision Mesh";
      prebuildCollisionData = "0";
      renderNormals = "0";
      forceDetail = "-1";
      position = "-546.949036 -2921.61279 460.844879";
      scale = "1500 1500 1500";
      rotationMatrix = "1 0 0 0 0.999999762 -0.000690534245 0 0.000690534245 0.999999762";
      canSave = "1";
      canSaveDynamicFields = "1";
         celestialClass = "binary";
         objectType = "fixedDynamic";
         orbitingBody = "star_3";
         path = "circular";
   };
   new TSStatic(star_3) {
      shapeName = "levels/smallgrid/art/gravitationalRacing/celestialbodies/procyonA.dae";
      dynamic = "1";
      playAmbient = "1";
      meshCulling = "0";
      originSort = "0";
      useInstanceRenderData = "0";
      instanceColor = "White";
      collisionType = "Collision Mesh";
      decalType = "Collision Mesh";
      prebuildCollisionData = "0";
      renderNormals = "0";
      forceDetail = "-1";
      position = "-546.865234 -3063.85498 460.844879";
      scale = "1500 1500 1500";
      rotationMatrix = "1 0 0 0 0.999999762 -0.000690534245 0 0.000690534245 0.999999762";
      canSave = "1";
      canSaveDynamicFields = "1";
         celestialClass = "binary";
         objectType = "fixedDynamic";
         orbitingBody = "star_4";
         path = "circular";
   };
   new TSStatic(planet_8) {
      shapeName = "levels/smallgrid/art/gravitationalRacing/celestialbodies/neptune.dae";
      dynamic = "1";
      playAmbient = "1";
      meshCulling = "0";
      originSort = "0";
      useInstanceRenderData = "0";
      instanceColor = "White";
      collisionType = "Visible Mesh Final";
      decalType = "Visible Mesh Final";
      prebuildCollisionData = "0";
      renderNormals = "0";
      forceDetail = "-1";
      position = "-357.992645 -2803.00708 459.51825";
      scale = "400 400 400";
      rotationMatrix = "0.401477993 -0.915868521 0.000543487375 0.91586864 0.401477933 -0.00023824189 5.82076609e-11 0.000593411969 0.999999821";
      canSave = "1";
      canSaveDynamicFields = "1";
         celestialClass = "unstable";
         ferocity = "4";
         objectType = "static";
   };
   new TSStatic(planet_7) {
      shapeName = "levels/smallgrid/art/gravitationalRacing/celestialbodies/jupiter.dae";
      dynamic = "1";
      playAmbient = "1";
      meshCulling = "0";
      originSort = "0";
      useInstanceRenderData = "0";
      instanceColor = "White";
      collisionType = "Visible Mesh Final";
      decalType = "Visible Mesh Final";
      prebuildCollisionData = "0";
      renderNormals = "0";
      forceDetail = "-1";
      position = "-260.85141 -2736.94116 456.284058";
      scale = "500 500 500";
      rotationMatrix = "0.401477993 -0.915868521 0.000543487375 0.91586864 0.401477933 -0.00023824189 5.82076609e-11 0.000593411969 0.999999821";
      canSave = "1";
      canSaveDynamicFields = "1";
         celestialClass = "unstable";
         ferocity = "2";
         objectType = "static";
   };
   new TSStatic(planet_6) {
      shapeName = "levels/smallgrid/art/gravitationalRacing/celestialbodies/earth.dae";
      dynamic = "1";
      playAmbient = "1";
      meshCulling = "0";
      originSort = "0";
      useInstanceRenderData = "0";
      instanceColor = "White";
      collisionType = "Visible Mesh Final";
      decalType = "Visible Mesh Final";
      prebuildCollisionData = "0";
      renderNormals = "0";
      forceDetail = "-1";
      position = "932.550293 -2177.68164 497.399994";
      scale = "400 400 400";
      rotationMatrix = "0.401477993 -0.915868521 0.000543487375 0.91586864 0.401477933 -0.00023824189 5.82076609e-11 0.000593411969 0.999999821";
      canSave = "1";
      canSaveDynamicFields = "1";
         objectType = "static";
   };
   new TSStatic(star_2) {
      shapeName = "/levels/smallgrid/art/gravitationalRacing/celestialbodies/ABDoradusA.dae";
      dynamic = "1";
      playAmbient = "1";
      meshCulling = "0";
      originSort = "0";
      useInstanceRenderData = "0";
      instanceColor = "White";
      collisionType = "Visible Mesh Final";
      decalType = "Visible Mesh Final";
      prebuildCollisionData = "0";
      renderNormals = "0";
      forceDetail = "-1";
      position = "232.34848 -2767.58594 522.5177";
      scale = "1000 1000 1000";
      rotationMatrix = "1 0 0 0 1 0 0 0 1";
      canSave = "1";
      canSaveDynamicFields = "1";
         direction = "X";
         frequency = "0.1";
         length = "200";
         objectType = "fixedDynamic";
         path = "linear";
   };
   new TSStatic(planet_5) {
      shapeName = "levels/smallgrid/art/gravitationalRacing/celestialbodies/saturn.dae";
      dynamic = "1";
      playAmbient = "1";
      meshCulling = "0";
      originSort = "0";
      useInstanceRenderData = "0";
      instanceColor = "White";
      collisionType = "Visible Mesh Final";
      decalType = "Visible Mesh Final";
      prebuildCollisionData = "0";
      renderNormals = "0";
      forceDetail = "-1";
      position = "383.841309 -2572.99683 502.41452";
      scale = "1000 1000 1000";
      rotationMatrix = "0.401477993 -0.915868521 0.000543487375 0.91586864 0.401477933 -0.00023824189 5.82076609e-11 0.000593411969 0.999999821";
      canSave = "1";
      canSaveDynamicFields = "1";
         axisTilt = "0";
         celestialClass = "exotic";
         objectType = "static";
   };
   new TSStatic(barrier1) {
      shapeName = "levels/smallgrid/art/gravitationalRacing/track/track_barrier_blue.dae";
      dynamic = "1";
      playAmbient = "1";
      meshCulling = "0";
      originSort = "0";
      useInstanceRenderData = "0";
      instanceColor = "White";
      collisionType = "Visible Mesh Final";
      decalType = "Visible Mesh Final";
      prebuildCollisionData = "0";
      renderNormals = "0";
      forceDetail = "-1";
      position = "497.654205 -2567.25537 496.694244";
      scale = "1 1 1";
      rotationMatrix = "5.96046448e-08 0.99999994 0 -0.99999994 5.96046448e-08 0 0 0 1";
      canSave = "1";
      canSaveDynamicFields = "1";
   };
   new TSStatic(planet_4) {
      shapeName = "levels/smallgrid/art/gravitationalRacing/celestialbodies/jupiter.dae";
      dynamic = "1";
      playAmbient = "1";
      meshCulling = "0";
      originSort = "0";
      useInstanceRenderData = "0";
      instanceColor = "White";
      collisionType = "Visible Mesh Final";
      decalType = "Visible Mesh Final";
      prebuildCollisionData = "0";
      renderNormals = "0";
      forceDetail = "-1";
      position = "704.438049 -2481.07007 497.399994";
      scale = "700 700 700";
      rotationMatrix = "0.401477993 -0.915868521 0.000543487375 0.91586864 0.401477933 -0.00023824189 5.82076609e-11 0.000593411969 0.999999821";
      canSave = "1";
      canSaveDynamicFields = "1";
         objectType = "static";
   };
   new TSStatic(planet_3) {
      shapeName = "levels/smallgrid/art/gravitationalRacing/celestialbodies/earth.dae";
      dynamic = "1";
      playAmbient = "1";
      meshCulling = "0";
      originSort = "0";
      useInstanceRenderData = "0";
      instanceColor = "White";
      collisionType = "Visible Mesh Final";
      decalType = "Visible Mesh Final";
      prebuildCollisionData = "0";
      renderNormals = "0";
      forceDetail = "-1";
      position = "932.549316 -2267.43848 497.399994";
      scale = "400 400 400";
      rotationMatrix = "0.401477993 -0.915868521 0.000543487375 0.91586864 0.401477933 -0.00023824189 5.82076609e-11 0.000593411969 0.999999821";
      canSave = "1";
      canSaveDynamicFields = "1";
         objectType = "static";
   };
   new TSStatic(planet_2) {
      shapeName = "levels/smallgrid/art/gravitationalRacing/celestialbodies/venus.dae";
      dynamic = "1";
      playAmbient = "1";
      meshCulling = "0";
      originSort = "0";
      useInstanceRenderData = "0";
      instanceColor = "White";
      collisionType = "Visible Mesh Final";
      decalType = "Visible Mesh Final";
      prebuildCollisionData = "0";
      renderNormals = "0";
      forceDetail = "-1";
      position = "1174.46997 -2495.07007 497.399994";
      scale = "500 500 500";
      rotationMatrix = "0.401477873 -0.91586864 0.000543487724 0.915868759 0.401477814 -0.000238242181 2.03726813e-10 0.000593412318 0.999999821";
      canSave = "1";
      canSaveDynamicFields = "1";
         objectType = "static";
   };
   new TSStatic(planet_1) {
      shapeName = "levels/smallgrid/art/gravitationalRacing/celestialbodies/mercury.dae";
      dynamic = "1";
      playAmbient = "1";
      meshCulling = "0";
      originSort = "0";
      useInstanceRenderData = "0";
      instanceColor = "White";
      collisionType = "Visible Mesh Final";
      decalType = "Visible Mesh Final";
      prebuildCollisionData = "0";
      renderNormals = "0";
      forceDetail = "-1";
      position = "971.530029 -2733.26001 497.399994";
      scale = "350 350 350";
      rotationMatrix = "0.401477993 -0.915868521 0.000543487375 0.91586864 0.401477933 -0.00023824189 5.82076609e-11 0.000593411969 0.999999821";
      canSave = "1";
      canSaveDynamicFields = "1";
         objectType = "static";
   };
   new TSStatic(star_1) {
      shapeName = "levels/smallgrid/art/gravitationalRacing/celestialbodies/procyonA.dae";
      dynamic = "1";
      playAmbient = "1";
      meshCulling = "0";
      originSort = "0";
      useInstanceRenderData = "0";
      instanceColor = "White";
      collisionType = "Collision Mesh";
      decalType = "Collision Mesh";
      prebuildCollisionData = "0";
      renderNormals = "0";
      forceDetail = "-1";
      position = "940.231995 -2498.1001 497.399994";
      scale = "1790 1790 1790";
      rotationMatrix = "1 0 0 0 0.999999762 -0.000690534245 0 0.000690534245 0.999999762";
      canSave = "1";
      canSaveDynamicFields = "1";
         celestialClass = "supernova";
         explosionPower = "0.6";
         objectType = "static";
         timer = "65";
         triggerType = "countdown";
   };
   new TSStatic(checkpoint0) {
      shapeName = "levels/smallgrid/art/gravitationalRacing/checkpoints/finish.dae";
      dynamic = "0";
      playAmbient = "1";
      meshCulling = "0";
      originSort = "0";
      useInstanceRenderData = "0";
      instanceColor = "White";
      collisionType = "Collision Mesh";
      decalType = "Collision Mesh";
      prebuildCollisionData = "0";
      renderNormals = "0";
      forceDetail = "-1";
      position = "753.132019 -2607.04004 497.399994";
      scale = "1 1 1";
      rotationMatrix = "1 0 0 0 1 0 0 0 1";
      isRenderEnabled = "false";
      canSave = "1";
      canSaveDynamicFields = "1";
         direction = "W";
   };
   new TSStatic(planet_12) {
      shapeName = "levels/smallgrid/art/gravitationalRacing/celestialbodies/uranus.dae";
      dynamic = "1";
      playAmbient = "1";
      meshCulling = "0";
      originSort = "0";
      useInstanceRenderData = "0";
      instanceColor = "White";
      collisionType = "Visible Mesh Final";
      decalType = "Visible Mesh Final";
      prebuildCollisionData = "0";
      renderNormals = "0";
      forceDetail = "-1";
      position = "-589.494751 -2310.68872 512.366028";
      scale = "500 500 500";
      rotationMatrix = "0.401477993 -0.915868521 0.000543487375 0.91586864 0.401477933 -0.00023824189 5.82076609e-11 0.000593411969 0.999999821";
      canSave = "1";
      canSaveDynamicFields = "1";
         celestialClass = "exotic";
         objectType = "static";
   };
   new TSStatic(checkpoint7) {
      shapeName = "levels/smallgrid/art/gravitationalRacing/checkpoints/finish.dae";
      dynamic = "0";
      playAmbient = "1";
      meshCulling = "0";
      originSort = "0";
      useInstanceRenderData = "0";
      instanceColor = "White";
      collisionType = "Collision Mesh";
      decalType = "Collision Mesh";
      prebuildCollisionData = "0";
      renderNormals = "0";
      forceDetail = "-1";
      position = "-407.769806 -3259.12158 516.04541";
      scale = "1 1 1";
      rotationMatrix = "1 0 0 0 1 0 0 0 1";
      isRenderEnabled = "false";
      canSave = "1";
      canSaveDynamicFields = "1";
         direction = "E";
   };
   new TSStatic(key1) {
      shapeName = "levels/smallgrid/art/gravitationalRacing/track/track_key_blue.dae";
      dynamic = "1";
      playAmbient = "1";
      meshCulling = "0";
      originSort = "0";
      useInstanceRenderData = "0";
      instanceColor = "White";
      collisionType = "Collision Mesh";
      decalType = "Collision Mesh";
      prebuildCollisionData = "0";
      renderNormals = "0";
      forceDetail = "-1";
      position = "930.700317 -2205.88623 497.693054";
      scale = "1 1 1";
      rotationMatrix = "1 0 0 0 1 0 0 0 1";
      canSave = "1";
      canSaveDynamicFields = "1";
   };
   new TSStatic(collectable1) {
      shapeName = "levels/smallgrid/art/gravitationalRacing/track/track_collectable_expert.dae";
      dynamic = "1";
      playAmbient = "1";
      meshCulling = "0";
      originSort = "0";
      useInstanceRenderData = "0";
      instanceColor = "White";
      collisionType = "Collision Mesh";
      decalType = "Collision Mesh";
      prebuildCollisionData = "0";
      renderNormals = "0";
      forceDetail = "-1";
      position = "-508.968018 -2662.22534 494.086182";
      scale = "0.25 0.25 0.25";
      rotationMatrix = "1 0 0 0 1 0 0 0 1";
      canSave = "1";
      canSaveDynamicFields = "1";
   };
   new BeamNGVehicle(scenario_player0) {
      JBeam = "sbr";
      color = "1 0.200000003 0 1.20000005";
      colorPalette0 = "1 0.200000003 0 1.20000005";
      colorPalette1 = "1 0.200000003 0 1.20000005";
      partConfig = "vehicles/sbr/TT_AWD_S2_DCT.pc";
      renderDistance = "500";
      renderFade = "0.100000001";
      datablock = "default_vehicle";
      position = "753.132568 -2600.25464 497.187317";
      scale = "1 1 1";
      rotationMatrix = "-1 0 0 0 -1 0 0 0 1";
      canSave = "1";
      canSaveDynamicFields = "1";
         licenseFormats = "[\"30-15\"]";
         licenseText = "advanced";
   };
   new TSStatic(planet_13) {
      shapeName = "levels/smallgrid/art/gravitationalRacing/celestialbodies/earth.dae";
      dynamic = "1";
      playAmbient = "1";
      meshCulling = "0";
      originSort = "0";
      useInstanceRenderData = "0";
      instanceColor = "White";
      collisionType = "Visible Mesh Final";
      decalType = "Visible Mesh Final";
      prebuildCollisionData = "0";
      renderNormals = "0";
      forceDetail = "-1";
      position = "-460.307983 -2438.56152 488.062134";
      scale = "400 400 400";
      rotationMatrix = "0.401477993 -0.915868521 0.000543487375 0.91586864 0.401477933 -0.00023824189 5.82076609e-11 0.000593411969 0.999999821";
      canSave = "1";
      canSaveDynamicFields = "1";
         objectType = "static";
   };
};
//--- OBJECT WRITE END ---




























































