//--- OBJECT WRITE BEGIN ---
$ThisPrefab = new SimGroup() {
   canSave = "1";
   canSaveDynamicFields = "1";
      groupPosition = "0.000000 0.000000 0.000000";

   new TSStatic(barrier1) {
      shapeName = "levels/smallgrid/art/gravitationalRacing/track/track_barrier_blue.dae";
      dynamic = "1";
      playAmbient = "1";
      meshCulling = "0";
      originSort = "0";
      useInstanceRenderData = "0";
      instanceColor = "White";
      collisionType = "Visible Mesh Final";
      decalType = "Visible Mesh Final";
      prebuildCollisionData = "0";
      renderNormals = "0";
      forceDetail = "-1";
      position = "198.999847 -2204.77612 479.130341";
      scale = "1 1 1";
      rotationMatrix = "1 0 0 0 1 0 0 0 1";
      canSave = "1";
      canSaveDynamicFields = "1";
   };
   new TSStatic(key1) {
      shapeName = "levels/smallgrid/art/gravitationalRacing/track/track_key_blue.dae";
      dynamic = "1";
      playAmbient = "1";
      meshCulling = "0";
      originSort = "0";
      useInstanceRenderData = "0";
      instanceColor = "White";
      collisionType = "Collision Mesh";
      decalType = "Collision Mesh";
      prebuildCollisionData = "0";
      renderNormals = "0";
      forceDetail = "-1";
      position = "36.1437378 -2061.82471 479.286163";
      scale = "1 1 1";
      rotationMatrix = "1 0 0 0 1 0 0 0 1";
      canSave = "1";
      canSaveDynamicFields = "1";
   };
   new TSStatic(planet_4) {
      shapeName = "levels/smallgrid/art/gravitationalRacing/celestialbodies/neptune.dae";
      dynamic = "1";
      playAmbient = "1";
      meshCulling = "0";
      originSort = "0";
      useInstanceRenderData = "0";
      instanceColor = "White";
      collisionType = "Visible Mesh Final";
      decalType = "Visible Mesh Final";
      prebuildCollisionData = "0";
      renderNormals = "0";
      forceDetail = "-1";
      position = "146.627365 -2104.49951 499.117432";
      scale = "1000 1000 1000";
      rotationMatrix = "0.781183839 0 0.624301076 0 1 0 -0.624301076 0 0.781183839";
      canSave = "1";
      canSaveDynamicFields = "1";
         direction = "Y";
         frequency = "0.125";
         length = "200";
         objectType = "fixedDynamic";
         path = "linear";
   };
   new TSStatic(star_1) {
      shapeName = "levels/smallgrid/art/gravitationalRacing/celestialbodies/CDCrucis.dae";
      dynamic = "1";
      playAmbient = "1";
      meshCulling = "0";
      originSort = "0";
      useInstanceRenderData = "0";
      instanceColor = "White";
      collisionType = "Visible Mesh Final";
      decalType = "Visible Mesh Final";
      prebuildCollisionData = "0";
      renderNormals = "0";
      forceDetail = "-1";
      position = "778.098145 -2317.66992 461.234344";
      scale = "3575 3575 3575";
      rotationMatrix = "1 0 0 0 1 0 0 0 1";
      canSave = "1";
      canSaveDynamicFields = "1";
         objectType = "static";
   };
   new TSStatic(star_2) {
      shapeName = "levels/smallgrid/art/gravitationalRacing/celestialbodies/sun.dae";
      dynamic = "1";
      playAmbient = "1";
      meshCulling = "0";
      originSort = "0";
      useInstanceRenderData = "0";
      instanceColor = "White";
      collisionType = "Visible Mesh Final";
      decalType = "Visible Mesh Final";
      prebuildCollisionData = "0";
      renderNormals = "0";
      forceDetail = "-1";
      position = "-51.2767448 -2235.92285 488.795258";
      scale = "1000 1000 1000";
      rotationMatrix = "0.781183839 0 0.624301076 0 1 0 -0.624301076 0 0.781183839";
      canSave = "1";
      canSaveDynamicFields = "1";
         objectType = "static";
   };
   new TSStatic(star_4) {
      shapeName = "levels/smallgrid/art/gravitationalRacing/celestialbodies/ABDoradusA.dae";
      dynamic = "1";
      playAmbient = "1";
      meshCulling = "0";
      originSort = "0";
      useInstanceRenderData = "0";
      instanceColor = "White";
      collisionType = "Visible Mesh Final";
      decalType = "Visible Mesh Final";
      prebuildCollisionData = "0";
      renderNormals = "0";
      forceDetail = "-1";
      position = "-51.3494072 -2102.45068 488.795258";
      scale = "1060 1060 1060";
      rotationMatrix = "0.781183839 0 0.624301076 0 1 0 -0.624301076 0 0.781183839";
      canSave = "1";
      canSaveDynamicFields = "1";
         objectType = "static";
   };
   new TSStatic(star_3) {
      shapeName = "levels/smallgrid/art/gravitationalRacing/celestialbodies/HD49798.dae";
      dynamic = "1";
      playAmbient = "1";
      meshCulling = "0";
      originSort = "0";
      useInstanceRenderData = "0";
      instanceColor = "White";
      collisionType = "Visible Mesh Final";
      decalType = "Visible Mesh Final";
      prebuildCollisionData = "0";
      renderNormals = "0";
      forceDetail = "-1";
      position = "-51.3494072 -1982.36511 488.795258";
      scale = "1270 1270 1270";
      rotationMatrix = "0.781183839 0 0.624301076 0 1 0 -0.624301076 0 0.781183839";
      canSave = "1";
      canSaveDynamicFields = "1";
         objectType = "static";
   };
   new TSStatic(planet_6) {
      shapeName = "levels/smallgrid/art/gravitationalRacing/celestialbodies/mercury.dae";
      dynamic = "1";
      playAmbient = "1";
      meshCulling = "0";
      originSort = "0";
      useInstanceRenderData = "0";
      instanceColor = "White";
      collisionType = "Visible Mesh Final";
      decalType = "Visible Mesh Final";
      prebuildCollisionData = "0";
      renderNormals = "0";
      forceDetail = "-1";
      position = "215.093414 -1931.08582 457.887939";
      scale = "275 275 275";
      rotationMatrix = "0.781183839 0 0.624301076 0 1 0 -0.624301076 0 0.781183839";
      canSave = "1";
      canSaveDynamicFields = "1";
         objectType = "static";
   };
   new TSStatic(planet_3) {
      shapeName = "levels/smallgrid/art/gravitationalRacing/celestialbodies/neptune.dae";
      dynamic = "1";
      playAmbient = "1";
      meshCulling = "0";
      originSort = "0";
      useInstanceRenderData = "0";
      instanceColor = "White";
      collisionType = "Visible Mesh Final";
      decalType = "Visible Mesh Final";
      prebuildCollisionData = "0";
      renderNormals = "0";
      forceDetail = "-1";
      position = "643.906189 -2317.9519 461.080353";
      scale = "500 500 500";
      rotationMatrix = "0.781183839 0 0.624301076 0 1 0 -0.624301076 0 0.781183839";
      canSave = "1";
      canSaveDynamicFields = "1";
         objectType = "fixedDynamic";
         orbitingBody = "star_1";
         path = "circular";
   };
   new TSStatic(planet_2) {
      shapeName = "levels/smallgrid/art/gravitationalRacing/celestialbodies/mars.dae";
      dynamic = "1";
      playAmbient = "1";
      meshCulling = "0";
      originSort = "0";
      useInstanceRenderData = "0";
      instanceColor = "White";
      collisionType = "Visible Mesh Final";
      decalType = "Visible Mesh Final";
      prebuildCollisionData = "0";
      renderNormals = "0";
      forceDetail = "-1";
      position = "485.069519 -2317.66992 461.080353";
      scale = "800 800 800";
      rotationMatrix = "0.781183839 0 0.624301076 0 1 0 -0.624301076 0 0.781183839";
      canSave = "1";
      canSaveDynamicFields = "1";
         objectType = "fixedDynamic";
         orbitingBody = "star_1";
         path = "circular";
   };
   new TSStatic(planet_1) {
      shapeName = "levels/smallgrid/art/gravitationalRacing/celestialbodies/jupiter.dae";
      dynamic = "1";
      playAmbient = "1";
      meshCulling = "0";
      originSort = "0";
      useInstanceRenderData = "0";
      instanceColor = "White";
      collisionType = "Visible Mesh Final";
      decalType = "Visible Mesh Final";
      prebuildCollisionData = "0";
      renderNormals = "0";
      forceDetail = "-1";
      position = "331.246765 -1861.16992 480";
      scale = "1000 1000 1000";
      rotationMatrix = "0.781183839 0 0.624301076 0 1 0 -0.624301076 0 0.781183839";
      canSave = "1";
      canSaveDynamicFields = "1";
         objectType = "static";
   };
   new TSStatic(track) {
      shapeName = "levels/smallgrid/art/gravitationalRacing/track/track_advanced3.dae";
      dynamic = "0";
      playAmbient = "1";
      meshCulling = "0";
      originSort = "0";
      useInstanceRenderData = "0";
      instanceColor = "White";
      collisionType = "Visible Mesh Final";
      decalType = "Visible Mesh Final";
      prebuildCollisionData = "0";
      renderNormals = "0";
      forceDetail = "-1";
      position = "28.9694214 -2462.78247 455.535919";
      scale = "1 1 1";
      rotationMatrix = "1 0 0 0 1 0 0 0 1";
      isRenderEnabled = "false";
      canSave = "1";
      canSaveDynamicFields = "1";
   };
   new TSStatic(compassReference) {
      shapeName = "levels/smallgrid/art/gravitationalRacing/compass.dae";
      dynamic = "0";
      playAmbient = "1";
      meshCulling = "0";
      originSort = "0";
      useInstanceRenderData = "0";
      instanceColor = "White";
      collisionType = "Collision Mesh";
      decalType = "Collision Mesh";
      prebuildCollisionData = "0";
      renderNormals = "0";
      forceDetail = "-1";
      position = "274.999664 -2156 489.507507";
      scale = "1 1 1";
      rotationMatrix = "5.96046448e-08 -0.99999994 0 0.99999994 5.96046448e-08 0 0 0 1";
      isRenderEnabled = "false";
      hidden = "1";
      canSave = "1";
      canSaveDynamicFields = "1";
   };
   new TSStatic(checkpoint0) {
      shapeName = "levels/smallgrid/art/gravitationalRacing/checkpoints/finish.dae";
      dynamic = "0";
      playAmbient = "1";
      meshCulling = "0";
      originSort = "0";
      useInstanceRenderData = "0";
      instanceColor = "White";
      collisionType = "Collision Mesh";
      decalType = "Collision Mesh";
      prebuildCollisionData = "0";
      renderNormals = "0";
      forceDetail = "-1";
      position = "245.397949 -2075.69312 497.154236";
      scale = "1 1 1";
      rotationMatrix = "1 0 0 0 1 0 0 0 1";
      isRenderEnabled = "false";
      canSave = "1";
      canSaveDynamicFields = "1";
         direction = "W";
   };
   new BeamNGVehicle(scenario_player0) {
      JBeam = "bolide";
	  color = "0.899999976 0 0 1.20000005";
      colorPalette0 = "9.99999997e-07 9.99989993e-07 9.99989993e-07 1.20000005";
      colorPalette1 = "0 0 0 1.29999995";
      metallicPaintData[0] = "0.400000006 0.600000024 1 0.0299999993";
      metallicPaintData[1] = "0 1 1 0.0700000003";
      metallicPaintData[2] = "0.699999988 0.519999981 1 0.349999994";
      metallicPaintData[3] = "0.200000003 0.5 0.800000012 0";
      partConfig = "vehicles/bolide/rally_asphalt.pc";
      renderDistance = "500";
      renderFade = "0.100000001";
      datablock = "default_vehicle";
      position = "245.398056 -2068.68994 497.109619";
      scale = "1 1 1";
      rotationMatrix = "-0.99999994 0 0 0 -1 0 0 0 1";
      canSave = "1";
      canSaveDynamicFields = "1";
         licenseFormats = "[\"30-15\"]";
         licenseText = "advanced";
   };
   new TSStatic() {
      shapeName = "levels/smallgrid/art/gravitationalRacing/signs/sign_danger_strongGravitationalField.dae";
      dynamic = "0";
      playAmbient = "1";
      meshCulling = "0";
      originSort = "0";
      useInstanceRenderData = "0";
      instanceColor = "White";
      collisionType = "Collision Mesh";
      decalType = "Collision Mesh";
      prebuildCollisionData = "0";
      renderNormals = "0";
      forceDetail = "-1";
      position = "404.323364 -2083.87109 457.841156";
      scale = "1 1 1";
      rotationMatrix = "-1 8.74227766e-08 0 -8.74227766e-08 -1 0 0 0 1";
      isRenderEnabled = "false";
      canSave = "1";
      canSaveDynamicFields = "1";
   };
   new TSStatic() {
      shapeName = "levels/smallgrid/art/gravitationalRacing/signs/sign_danger_planetarySystem.dae";
      dynamic = "0";
      playAmbient = "1";
      meshCulling = "0";
      originSort = "0";
      useInstanceRenderData = "0";
      instanceColor = "White";
      collisionType = "Collision Mesh";
      decalType = "Collision Mesh";
      prebuildCollisionData = "0";
      renderNormals = "0";
      forceDetail = "-1";
      position = "432.269501 -2067.24487 455.999268";
      scale = "1 1 1";
      rotationMatrix = "-1 8.74227766e-08 0 -8.74227766e-08 -1 0 0 0 1";
      isRenderEnabled = "false";
      canSave = "1";
      canSaveDynamicFields = "1";
   };
   new TSStatic(planet_5) {
      shapeName = "levels/smallgrid/art/gravitationalRacing/celestialbodies/earth.dae";
      dynamic = "1";
      playAmbient = "1";
      meshCulling = "0";
      originSort = "0";
      useInstanceRenderData = "0";
      instanceColor = "White";
      collisionType = "Visible Mesh Final";
      decalType = "Visible Mesh Final";
      prebuildCollisionData = "0";
      renderNormals = "0";
      forceDetail = "-1";
      position = "-318.704163 -2317.8916 460.941925";
      scale = "1000 1000 1000";
      rotationMatrix = "0.781183839 0 0.624301076 0 1 0 -0.624301076 0 0.781183839";
      canSave = "1";
      canSaveDynamicFields = "1";
         objectType = "fixedDynamic";
         orbitingBody = "star_1";
         path = "circular";
   };
   new TSStatic(checkpoint1) {
      shapeName = "levels/smallgrid/art/gravitationalRacing/checkpoints/next.dae";
      dynamic = "0";
      playAmbient = "1";
      meshCulling = "0";
      originSort = "0";
      useInstanceRenderData = "0";
      instanceColor = "White";
      collisionType = "Collision Mesh";
      decalType = "Collision Mesh";
      prebuildCollisionData = "0";
      renderNormals = "0";
      forceDetail = "-1";
      position = "74.6648026 -1837.81006 497.153015";
      scale = "1.5 3 1.5";
      rotationMatrix = "1 0 0 0 1 0 0 0 1";
      isRenderEnabled = "false";
      canSave = "1";
      canSaveDynamicFields = "1";
         direction = "E";
   };
   new TSStatic(checkpoint2) {
      shapeName = "levels/smallgrid/art/gravitationalRacing/checkpoints/inactive.dae";
      dynamic = "0";
      playAmbient = "1";
      meshCulling = "0";
      originSort = "0";
      useInstanceRenderData = "0";
      instanceColor = "White";
      collisionType = "Collision Mesh";
      decalType = "Collision Mesh";
      prebuildCollisionData = "0";
      renderNormals = "0";
      forceDetail = "-1";
      position = "74.6689987 -2345.46313 497.152985";
      scale = "1.5 3 1.5";
      rotationMatrix = "1 0 0 0 1 0 0 0 1";
      isRenderEnabled = "false";
      canSave = "1";
      canSaveDynamicFields = "1";
         direction = "E";
   };
   new TSStatic(collectable1) {
      shapeName = "levels/smallgrid/art/gravitationalRacing/track/track_collectable_advanced.dae";
      dynamic = "1";
      playAmbient = "1";
      meshCulling = "0";
      originSort = "0";
      useInstanceRenderData = "0";
      instanceColor = "White";
      collisionType = "Collision Mesh";
      decalType = "Collision Mesh";
      prebuildCollisionData = "0";
      renderNormals = "0";
      forceDetail = "-1";
      position = "249.755844 -2413.17139 517.926025";
      scale = "0.25 0.25 0.25";
      rotationMatrix = "1 0 0 0 1 0 0 0 1";
      canSave = "1";
      canSaveDynamicFields = "1";
   };
   new TSStatic(checkpoint5) {
      shapeName = "levels/smallgrid/art/gravitationalRacing/checkpoints/inactive.dae";
      dynamic = "0";
      playAmbient = "1";
      meshCulling = "0";
      originSort = "0";
      useInstanceRenderData = "0";
      instanceColor = "White";
      collisionType = "Collision Mesh";
      decalType = "Collision Mesh";
      prebuildCollisionData = "0";
      renderNormals = "0";
      forceDetail = "-1";
      position = "328.58136 -2450.15332 516.180664";
      scale = "1.5 3 1.5";
      rotationMatrix = "5.96046448e-08 -0.99999994 0 0.99999994 5.96046448e-08 0 0 0 1";
      isRenderEnabled = "false";
      canSave = "1";
      canSaveDynamicFields = "1";
         direction = "S";
   };
   new TSStatic(checkpoint4) {
      shapeName = "levels/smallgrid/art/gravitationalRacing/checkpoints/inactive.dae";
      dynamic = "0";
      playAmbient = "1";
      meshCulling = "0";
      originSort = "0";
      useInstanceRenderData = "0";
      instanceColor = "White";
      collisionType = "Collision Mesh";
      decalType = "Collision Mesh";
      prebuildCollisionData = "0";
      renderNormals = "0";
      forceDetail = "-1";
      position = "343.560699 -2027.48267 462.562927";
      scale = "1.5 3 1.5";
      rotationMatrix = "5.96046448e-08 0.99999994 0 -0.99999994 5.96046448e-08 0 0 0 1";
      isRenderEnabled = "false";
      canSave = "1";
      canSaveDynamicFields = "1";
         direction = "N";
         pathID = "2";
   };
   new TSStatic(checkpoint3) {
      shapeName = "levels/smallgrid/art/gravitationalRacing/checkpoints/inactive.dae";
      dynamic = "0";
      playAmbient = "1";
      meshCulling = "0";
      originSort = "0";
      useInstanceRenderData = "0";
      instanceColor = "White";
      collisionType = "Collision Mesh";
      decalType = "Collision Mesh";
      prebuildCollisionData = "0";
      renderNormals = "0";
      forceDetail = "-1";
      position = "323.16922 -1761.22693 462.562927";
      scale = "1.5 3 1.5";
      rotationMatrix = "5.96046448e-08 0.99999994 0 -0.99999994 5.96046448e-08 0 0 0 1";
      isRenderEnabled = "false";
      canSave = "1";
      canSaveDynamicFields = "1";
         direction = "N";
         pathID = "1";
   };
   new TSStatic(planet_7) {
      shapeName = "levels/smallgrid/art/gravitationalRacing/celestialbodies/venus.dae";
      dynamic = "1";
      playAmbient = "1";
      meshCulling = "0";
      originSort = "0";
      useInstanceRenderData = "0";
      instanceColor = "White";
      collisionType = "Visible Mesh Final";
      decalType = "Visible Mesh Final";
      prebuildCollisionData = "0";
      renderNormals = "0";
      forceDetail = "-1";
      position = "-475.554077 -2318.02051 461.295654";
      scale = "750 750 750";
      rotationMatrix = "0.781183839 0 0.624301076 0 1 0 -0.624301076 0 0.781183839";
      canSave = "1";
      canSaveDynamicFields = "1";
         objectType = "fixedDynamic";
         orbitingBody = "star_1";
         path = "circular";
   };
   new TSStatic(planet_8) {
      shapeName = "levels/smallgrid/art/gravitationalRacing/celestialbodies/mercury.dae";
      dynamic = "1";
      playAmbient = "1";
      meshCulling = "0";
      originSort = "0";
      useInstanceRenderData = "0";
      instanceColor = "White";
      collisionType = "Visible Mesh Final";
      decalType = "Visible Mesh Final";
      prebuildCollisionData = "0";
      renderNormals = "0";
      forceDetail = "-1";
      position = "-747.108887 -2317.99365 461.295654";
      scale = "1500 1500 1500";
      rotationMatrix = "0.781183839 0 0.624301076 0 1 0 -0.624301076 0 0.781183839";
      canSave = "1";
      canSaveDynamicFields = "1";
         objectType = "fixedDynamic";
         orbitingBody = "star_1";
         path = "circular";
   };
   new TSStatic(planet_9) {
      shapeName = "levels/smallgrid/art/gravitationalRacing/celestialbodies/uranus.dae";
      dynamic = "1";
      playAmbient = "1";
      meshCulling = "0";
      originSort = "0";
      useInstanceRenderData = "0";
      instanceColor = "White";
      collisionType = "Visible Mesh Final";
      decalType = "Visible Mesh Final";
      prebuildCollisionData = "0";
      renderNormals = "0";
      forceDetail = "-1";
      position = "420.080688 -2170.25171 592.675415";
      scale = "1000 1000 1000";
      rotationMatrix = "0.781183839 0 0.624301076 0 1 0 -0.624301076 0 0.781183839";
      canSave = "1";
      canSaveDynamicFields = "1";
         objectType = "static";
   };
   new SimPath(democam) {
      canSave = "1";
      canSaveDynamicFields = "1";

      new Marker() {
         seqNum = "0";
         timeToNext = "5";
         positionSmooth = "0";
         rotationSmooth = "0";
         position = "158.694794 -1834.71436 671.35376";
         scale = "0.100000001 0.100000001 0.100000001";
         rotationMatrix = "-0.00612056255 0.999981284 -3.87430191e-07 -0.0209853351 -0.000128865242 -0.99977982 -0.999761105 -0.00611916184 0.0209857225";
         canSave = "1";
         canSaveDynamicFields = "1";
            speedSmooth = "0";
      };
      new Marker() {
         seqNum = "1";
         timeToNext = "0.00999999978";
         positionSmooth = "0";
         rotationSmooth = "0";
         position = "158.694809 -2319.53735 671.35376";
         scale = "0.100000001 0.100000001 0.100000001";
         rotationMatrix = "-0.00612056255 0.999981284 -3.87430191e-07 -0.0209853351 -0.000128865242 -0.99977982 -0.999761105 -0.00611916184 0.0209857225";
         canSave = "1";
         canSaveDynamicFields = "1";
            speedSmooth = "0";
      };
      new Marker() {
         seqNum = "2";
         timeToNext = "5";
         positionSmooth = "0";
         rotationSmooth = "0";
         position = "663.249573 -2112.02295 513.415405";
         scale = "0.100000001 0.100000001 0.100000001";
         rotationMatrix = "-0.865972877 -0.500090897 2.98023224e-08 0.462130129 -0.800238848 -0.382169425 0.191119492 -0.330948353 0.924092293";
         canSave = "1";
         canSaveDynamicFields = "1";
            speedSmooth = "0";
      };
      new Marker() {
         seqNum = "3";
         timeToNext = "0.00999999978";
         positionSmooth = "0";
         rotationSmooth = "0";
         position = "554.266968 -1923.30176 603.541931";
         scale = "0.100000001 0.100000001 0.100000001";
         rotationMatrix = "-0.865972877 -0.500090897 2.98023224e-08 0.462130129 -0.800238848 -0.382169425 0.191119492 -0.330948353 0.924092293";
         canSave = "1";
         canSaveDynamicFields = "1";
            speedSmooth = "0";
      };
      new Marker() {
         seqNum = "4";
         timeToNext = "5";
         positionSmooth = "0";
         rotationSmooth = "0";
         position = "903.547241 -698.570313 548.922852";
         scale = "0.100000001 0.100000001 0.100000001";
         rotationMatrix = "-1 8.74227766e-08 0 -8.74227766e-08 -1 0 0 0 1";
         canSave = "1";
         canSaveDynamicFields = "1";
            speedSmooth = "0";
      };
      new Marker() {
         seqNum = "5";
         timeToNext = "0.00999999978";
         positionSmooth = "0";
         rotationSmooth = "0";
         position = "928.71283 -698.56488 548.939514";
         scale = "0.100000001 0.100000001 0.100000001";
         rotationMatrix = "-1 8.74227766e-08 0 -8.74227766e-08 -1 0 0 0 1";
         canSave = "1";
         canSaveDynamicFields = "1";
            speedSmooth = "0";
      };
   };
};
//--- OBJECT WRITE END ---















